+18164449132
+17321754590
+13213903921
+16191949581
+12512903963
+16418874571
+12192397703
+13342330765
+15079547297
+14436702307
+13470041185
+12342893698
+19070324531
+14244225323
+12489080267
+17027538428
+16508454649
+19408081828
+13203467073
+17017555848
+18181994693
+13641042844
+16464583657
+16182575946
+18548590094
+16175727618
+17738231642
+12721939065
+17146393810
+15678485776
+18156863168
+19704582997
+14012655986
+16200280626
+19526577169
+18595037438
+13371529650
+15348078783
+14047042812
+18608678570
+16092483248
+19128437132
+17740932922
+17346105047
+18592908021
+13461517566
+18508627351
+19516703284
+16073817006
+12528889952
+19405178370
+16621319071
+16164735677
+12767647573
+17720699149
+15596840901
+13122221309
+13161202053
+16512965823
+14302193425
+16367784101
+13862810024
+13527811068
+18172278030
+17258153553
+15618952400
+13031356707
+16895242925
+19192372715
+18456078089
+12251503986
+13028806904
+12522246428
+14089237444
+14430751681
+15749620610
+16141310295
+16164657934
+12522195645
+14230915109
+12133318928
+12033118783
+16368697102
+17185552621
+14844791121
+16896172923
+13147066399
+19031202006
+16518080200
+15172499203
+15719122687
+17341937119
+15300024096
+18700778434
+17083197158
+19897216508
+18381199474
+17011592065
+17165258176
+12039400681
+18473747626
+13618375026
+13211315257
+17192017439
+13804374646
+12032155374
+13105752809
+16141469319
+19384334162
+14135144352
+14428099185
+15034841286
+13510190435
+14358211810
+14780642812
+13192846591
+18165118336
+17132418901
+13313036382
+15750428229
+12017485217
+19705504040
+18389682036
+14101179083
+19591750937
+12172815084
+14325584416
+12150411675
+19299174113
+14302765776
+13516639166
+17195069367
+12296497421
+12296470835
+14149408780
+15629429637
+16206613364
+16308981382
+12768731144
+12252979545
+19512550065
+14121252306
+16513006534
+16064417120
+17127833710
+17702012422
+19018434889
+17623795591
+16291726264
+17658787448
+18050861440
+18547361977
+17182163483
+15318099961
+19186857559
+16129090031
+13409151062
+14846741623
+14696633629
+19548267588
+17405619040
+16083785961
+17035729065
+16601542248
+13180974495
+19079716146
+18042558990
+16154454322
+19318928364
+16628987051
+17720136742
+17853535712
+13214988288
+15094665540
+17407753885
+17241463987
+13370690332
+15635212660
+12319812556
+18056131555
+16089371183
+14428744056
+17378728875
+17341163100
+18060320680
+12521435968
+17438890300
+15084425419
+18038603617
+16316719882
+18168039226
+15129687590
+16196508227
+15129305864
+12242539337
+12193642249
+13093593558
+14142845246
+16597599197
+12281328436
+19366081825
+19523411321
+17275123389
+12289384088
+15701297599
+19384156088
+19402855646
+17724674742
+13203231094
+18589770218
+13802427183
+16086325411
+13176957491
+15593639853
+12016008573
+14193818849
+16097093462
+16295175655
+19782823872
+13170281868
+18032872651
+13125121765
+17276010520
+19362723445
+19807263430
+18783980115
+12027530492
+12098611221
+17069098411
+14089843144
+16515719827
+15317818660
+19083885449
+12150161352
+19499189515
+13608224592
+13477347479
+19512197201
+13094443361
+12168171989
+15074119541
+14439639577
+17860851433
+17033676406
+12062181056
+15342546010
+13217237115
+13210325468
+12393997445
+19472381330
+15595638883
+18479590539
+16238710651
+19850154189
+19896525270
+15743390276
+14133281217
+14693308350
+17089336914
+19310342281
+17122636400
+14144111056
+12534827416
+18605778573
+12726323417
+19360375968
+17621800815
+13139026315
+19401276329
+18389676298
+14178369864
+15621990547
+14322144450
+19377392798
+13022796779
+13152450088
+13230544330
+15618973451
+16600489852
+17745866528
+13095181075
+14694191700
+15318518966
+12198959081
+17860687770
+14303626615
+17755530069
+19725382909
+12704167076
+16507332091
+13092305151
+13235812193
+16513529406
+17138902076
+17478462129
+12013072486
+12059256086
+19123005922
+16599651907
+14807699493
+18486565277
+17342365722
+14806779716
+14343199633
+13250481399
+19728940609
+13039170391
+18595868165
+17310236022
+17817642846
+19098747892
+19540067712
+14145947628
+14102711099
+16898177448
+14074105040
+17187491461
+15715437329
+12055163555
+17734772779
+17812837930
+19289339813
+19595753778
+15083230100
+18155396243
+14420058137
+19299498494
+16806968092
+13038610520
+19317347810
+18604077739
+15512432007
+18317491033
+17620795499
+12707561381
+13254976174
+19090981652
+16182098571
+12769522323
+16184827055
+17200895826
+15183211643
+12052905304
+13307412656
+19720602620
+13044210511
+16465511770
+13096806281
+17795597366
+17436654912
+16815315761
+19015777461
+14154116531
+18014617789
+19377700762
+16260126563
+12608907216
+19032476233
+13128329403
+19197231104
+17475421831
+16896310540
+19309839082
+13133631886
+14244259109
+19087172756
+18470784818
+17130088741
+16412189022
+12531260946
+16463547780
+12564173790
+14400814119
+13208571542
+18788948827
+15414051231
+19294068362
+18049816159
+19035425536
+16172372872
+13130742561
+17036326692
+19100268225
+13181884184
+13142630274
+15730744020
+17432445701
+17477517808
+17728984394
+12124514256
+19348765564
+13184713805
+19517240830
+19725100087
+14845517016
+17142500250
+19854270506
+18706232460
+14707740920
+12537286405
+14179675760
+19035004288
+15187899688
+17085857478
+12396992824
+14139857624
+12086695518
+13304401298
+15613324452
+14108492064
+15011074517
+16505542302
+19138391746
+18014776285
+15867200788
+16174179137
+13092674832
+13865575138
+14023408220
+12487027565
+16053390100
+12534179210
+15137971806
+13801953654
+19067287028
+12401852953
+18015895140
+12295472971
+13649384251
+17159526209
+12485549147
+14353706761
+12298266730
+18307259780
+16785147364
+16502962599
+15633711662
+17439593124
+14321732206
+14177775286
+15103928157
+16512610193
+12722032334
+16809281325
+19045742770
+12192144222
+16590521125
+16825961776
+13515860826
+14249548478
+15042553884
+16283369674
+13072961213
+15205587153
+17630211571
+13147142914
+16309403088
+12628487036
+12128567917
+18472808596
+16822803159
+16318884828
+19194770064
+19700721157
+16054128535
+18507241024
+15510807103
+15070775194
+16058815121
+15034612735
+18483986636
+17276273983
+16064314556
+16288528317
+17345419620
+15745074172
+15052419305
+14081036622
+12017423455
+18600066730
+19082829653
+17752352005
+18306727181
+17628620778
+16231840356
+15185430200
+17408200453
+19348846908
+12626093647
+17859129459
+15674299824
+19297639880
+14016878483
+14128994872
+13041492330
+12120749130
+17254923971
+12543387567
+19302555987
+13086757090
+15614349817
+12545231173
+14352748730
+14799162375
+12626690079
+15037640365
+15759408662
+15864980658
+16087356214
+12483567759
+18153858625
+17012650726
+18184045053
+17154347452
+16168507726
+18161542448
+15182255665
+19477054699
+14129399429
+17144591590
+12396837310
+19894898822
+17754971407
+13140490196
+12567429590
+19561360300
+17693551786
+12240872693
+15390009304
+13077818301
+15643373259
+17038198816
+19476188353
+14405865131
+19373710474
+19411782346
+12158731884
+12546338822
+19180486850
+15049551488
+15049363764
+16515664557
+18593661474
+19522595486
+17202786161
+13032629300
+16610316596
+17030633636
+17048973288
+13055581253
+16815351078
+12696289798
+18012944301
+16601634129
+17865700699
+12709534179
+19107766569
+15866099170
+19044197040
+15074473173
+16156210161
+12725695961
+17200464413
+18650998936
+18085227637
+17082931166
+19063967574
+19374810938
+18724830668
+12693392335
+15042318398
+16465431227
+14343092268
+14154424982
+12671682390
+16160098623
+14754812147
+17010847399
+17272816291
+14193049885
+17798375901
+17191745862
+18504134426
+16419923938
+19195230700
+13196998117
+13310216923
+16461987671
+18588878285
+13055994090
+13258806066
+17341288756
+14099570557
+14074862439
+14303968128
+16613726852
+12539031014
+14106231360
+17265667288
+12240995991
+19567052141
+19128988847
+13471270154
+12031321054
+13460291785
+16236790471
+14065792748
+19510112576
+14195805304
+15637953661
+16361267001
+18054167327
+13122105803
+18311356963
+19780311931
+16078843910
+17241267910
+16109068481
+17627366916
+14064718961
+19193203645
+17324311195
+19306407310
+12146662414
+16071271274
+12195116808
+19715823297
+17750425449
+16699981898
+14404976596
+18303799054
+16368663450
+15755915443
+14042911202
+15712816860
+19560168237
+18108483099
+13604255067
+14801304082
+19151435038
+18122473446
+19097141184
+13511050469
+17060210970
+18623515018
+12720181984
+13808435770
+13052028746
+15053580013
+15202152145
+19498878063
+18625657194
+15740401956
+19041204931
+17654762045
+12488231795
+17864873486
+18590396051
+17340977728
+18170976580
+13147717501
+18305680598
+18706061455
+12166453494
+19796430186
+14793612810
+17275387573
+17811870373
+14081514263
+18123212072
+19528091294
+14406768429
+14081678390
+13074522622
+17626646427
+16599945922
+16267086614
+16571334675
+19566199289
+16467972866
+12015906367
+19108210143
+17315404086
+13193353163
+14040057265
+13852263579
+15613801704
+14133362499
+18606496294
+13361838346
+16577136488
+12137842623
+19098284966
+17276568745
+15104497043
+17013261825
+17262965323
+19086728272
+18566013474
+12817054842
+19299353819
+19410128538
+18150396536
+17031011442
+15302738513
+19103910830
+19479120803
+16061730035
+17544394656
+14010941590
+12024838851
+19726333375
+15636826549
+18053014674
+12605615141
+12600895269
+12023446896
+15095869739
+13647950182
+15716450097
+13108994926
+19088494189
+15414005730
+13122877348
+17626140994
+18183040699
+14350514099
+14300585886
+15159371784
+16205684170
+13074220877
+18173552290
+14347410751
+15207948427
+17722506572
+17132296193
+16054408347
+13023469852
+17736674126
+15120429255
+14010284203
+14409604431
+16827475791
+16053846086
+17260775731
+17068629994
+15706950818
+12090405145
+19846722875
+18475756150
+16311149604
+14140106389
+18288055924
+13804062384
+16143991544
+19167972429
+18177459861
+19201466002
+17652416477
+19044098677
+15310789259
+17241199925
+13135771950
+19149342869
+15749047583
+18485052782
+18184443506
+12182884529
+17635323229
+13204551052
+18641029243
+18179941501
+14241428722
+19036318819
+17191012482
+13030835676
+13152073918
+17258905475
+15012451251
+15138680446
+17707521366
+17628176433
+15679932623
+14023274606
+12172308038
+16823576665
+13256833532
+14709164203
+19162850056
+18565256516
+12397932203
+14320925710
+18174858602
+12189189728
+17867720855
+18146533368
+13857054744
+14145777157
+12126558582
+18637481028
+16284560011
+18107861020
+17854928545
+12146738408
+16265660342
+18565572295
+17744054636
+19710211830
+17175493527
+18726756590
+17757494191
+15099361144
+15086628594
+12392565336
+14702621194
+14068808054
+12071597756
+18281045262
+19310692573
+18388402121
+14245964677
+18568006441
+15624699523
+16128983490
+13611866551
+19193207301
+12068339710
+18627718601
+13252928698
+13144961184
+12697798636
+14408919099
+16602954103
+17205890389
+17023022668
+14421838148
+14143954800
+15711710591
+15399027876
+14750186743
+12253892948
+12707082841
+18457187553
+16828726694
+13396240791
+14046304252
+13210360656
+15020741895
+19896956493
+16236703268
+18590660323
+19783508801
+19045449291
+19495726364
+12316795281
+13642569448
+17630110702
+13608926701
+15708883084
+13187906578
+14141540284
+18569144079
+17028414376
+17434502259
+18150701587
+18789245139
+18633673768
+19161380522
+16091393178
+17153876098
+18701344919
+18139783304
+12343362787
+15034573126
+12251139343
+17633370233
+15123009780
+17373144292
+16826973862
+17602256148
+16817695082
+13145394052
+14136518103
+18435590556
+19306603630
+19296472524
+16698584265
+19136227861
+18315429155
+14078754502
+19363395724
+16151388766
+19066370802
+14078042777
+19403199242
+18188836195
+19131053238
+14583906710
+19097802816
+14408128839
+19096825481
+14045019588
+12819023070
+19162121722
+17165152110
+12165712042
+18572337100
+18435416658
+17432306891
+12091275452
+13219064816
+15131207852
+19512455793
+19018778976
+19857575071
+19167799506
+19513940902
+19039076956
+17245593917
+12094074140
+14800614695
+12764628742
+12627359109
+12522418355
+19132483523
+12724551483
+19598423826
+16623895920
+12103712873
+18720986085
+18187265537
+12010015340
+15175058529
+19103646401
+17128951443
+17275584351
+14690679891
+12172274448
+12137955437
+18608757793
+19791071698
+13095033570
+13396255192
+19179983288
+19316985950
+17699697707
+18284041419
+19306391877
+14344307495
+16805057057
+13012629580
+17131671120
+14233448771
+13182156575
+13374406985
+15736529843
+19018938260
+15077214070
+13103430847
+16169835454
+16203622552
+16152124588
+16788795184
+12062931410
+13098456527
+18147818956
+14259724354
+12094070208
+14425122704
+18085864259
+12103366772
+16469070096
+19072920393
+15757663048
+17811623115
+16084298288
+12088584021
+19282251142
+17324368990
+13342193249
+14803931353
+18130461321
+16282966126
+14071979734
+18720103025
+19593188414
+17255991586
+16467767414
+16511028602
+17041380962
+15056703460
+15747971549
+16154732156
+14402931238
+15670257250
+19090189208
+18647088785
+13406496751
+15123106125
+18788293400
+13081734203
+16672192784
+13218071659
+16129933246
+18182145589
+14439120304
+15404496897
+13643103419
+15205184920
+13253420615
